1 0
8 14
18 42
29 69
37 87
48 123
57 142
66 165
76 194
85 220
95 249
106 279
116 305
124 323
134 347
146 379
157 405
169 439
182 476
190 496
200 522
207 540
215 560
224 582
238 643
249 680
261 718
270 744
278 771
287 797
297 826
310 867
321 897
332 930
342 956
353 991
363 1024
374 1059
386 1100
397 1137
408 1176
416 1195
425 1225
435 1257
443 1281
452 1308
462 1339
471 1367
478 1403
486 1437
493 1471
502 1507
512 1544
525 1594
536 1633
547 1675
559 1722
570 1763
580 1797
592 1837
606 1886
619 1928
633 1978
648 2028
658 2065
672 2115
687 2167
699 2208
708 2239
718 2274
729 2311
740 2350
750 2386
761 2423
773 2462
788 2513
801 2555
814 2599
826 2638
839 2684
851 2728
864 2775
878 2822
891 2865
904 2910
914 2941
924 2976
935 3014
947 3053
958 3088
966 3113
972 3142
979 3171
988 3206
998 3244
1009 3285
1021 3334
1031 3374
1042 3416
1054 3461
1069 3515
1082 3560
1095 3607
1107 3648
1120 3696
1132 3743
1145 3794
1159 3844
1172 3890
1185 3938
1195 3973
1211 4029
1225 4076
1239 4125
1253 4173
1268 4225
1284 4280
1299 4331
1311 4373
1327 4435
1344 4500
1358 4550
1371 4595
1384 4644
1398 4697
1413 4749
1427 4797
1437 4834
1449 4878
1453 4890
1460 4919
1468 4950
1476 4976
1485 5006
1495 5039
1506 5080
1515 5110
1525 5142
1536 5178
1550 5226
1562 5265
1574 5306
1585 5341
1597 5383
1608 5424
1620 5469
1633 5513
1645 5553
1657 5595
1666 5624
1681 5674
1694 5715
1707 5758
1720 5800
1731 5836
1746 5891
1762 5948
1775 5991
1787 6030
1799 6072
1812 6118
1826 6164
1839 6206
1848 6236
1859 6273
1865 6293
1872 6316
1881 6360
1886 6375
1894 6406
1903 6440
1913 6473
1921 6498
1929 6524
1937 6549
1946 6578
1956 6610
1965 6638
1971 6658
1978 6682
1986 6709
1996 6747
2007 6788
2015 6815
2022 6838
2030 6866
2039 6897
2046 6922
2054 6951
2063 6984
2072 7014
2082 7049
2089 7071
2098 7100
2109 7137
2119 7169
2130 7208
2142 7248
2149 7271
2158 7301
2166 7328
2175 7358
2183 7384
2190 7405
2198 7430
2209 7467
2218 7495
2227 7524
2235 7548
2242 7571
2250 7600
2259 7633
2269 7667
2278 7697
2287 7728
2293 7748
2300 7772
2308 7799
2315 7821
2324 7867
2333 7919
2341 7949
2350 7982
2360 8018
2369 8053
2375 8079
2382 8106
2386 8118
2391 8133
2398 8155
2406 8180
2417 8234
2430 8295
2444 8359
2456 8413
2461 8438
2472 8481
2484 8527
2494 8567
2505 8610
2512 8640
2520 8674
2531 8719
2540 8755
2549 8792
2559 8835
2568 8871
2576 8902
2586 8940
2598 8986
2609 9027
2621 9076
2634 9125
2642 9157
2652 9195
2659 9224
2667 9257
2676 9293
2685 9330
2693 9363
2702 9398
2712 9437
2725 9488
2736 9530
2747 9573
2757 9611
2768 9656
2778 9700
2789 9748
2801 9796
2812 9840
2823 9885
2831 9917
2839 9952
2848 9990
2858 10030
2867 10066
2874 10095
2882 10127
2891 10165
2901 10207
2912 10252
2922 10298
2931 10337
2941 10379
2950 10418
2960 10460
2970 10499
2981 10541
2988 10572
2996 10606
3002 10625
3009 10648
3019 10683
3027 10709
3035 10736
3044 10769
3053 10804
3063 10842
3071 10869
3080 10900
3090 10934
3099 10964
3106 10986
3115 11015
3126 11052
3136 11084
3147 11123
3159 11164
3166 11187
3175 11217
3185 11253
3196 11292
3202 11313
3210 11342
3217 11367
3225 11394
3234 11425
3246 11468
3256 11502
3266 11537
3275 11567
3285 11604
3294 11639
3304 11678
3315 11719
3325 11756
3335 11794
3342 11818
3349 11845
3357 11876
3366 11909
3374 11938
3379 11955
3385 11976
3392 11999
3400 12029
3406 12049
3413 12071
3421 12097
3432 12134
3441 12163
3450 12193
3458 12218
3467 12249
3475 12279
3484 12313
3494 12349
3503 12381
3512 12414
3518 12433
3530 12472
3540 12503
3550 12535
3560 12567
3571 12602
3583 12640
3594 12675
3602 12700
3614 12744
3627 12791
3637 12824
3646 12852
3655 12884
3665 12920
3676 12958
3686 12992
3692 13012
3700 13038
3707 13072
3715 13107
3726 13153
3735 13190
3744 13228
3754 13272
3763 13310
3771 13342
3781 13380
3793 13426
3804 13467
3816 13516
3829 13567
3837 13599
3847 13637
3854 13666
3862 13698
3871 13733
3880 13770
3888 13803
3897 13838
3907 13876
3920 13925
3931 13966
3942 14008
3952 14045
3963 14088
3973 14130
3984 14176
3996 14224
4007 14268
4018 14313
4026 14344
4034 14379
4043 14418
4053 14459
4062 14496
4067 14514
4073 14536
4082 14569
4089 14594
4096 14620
4104 14651
4111 14677
4117 14698
4125 14725
4135 14760
4144 14790
4154 14828
4165 14868
4171 14890
4179 14918
4184 14937
4190 14959
4197 14984
4204 15011
4210 15034
4217 15059
4225 15088
4236 15128
4245 15160
4254 15193
4262 15221
4271 15255
4279 15288
4288 15325
4298 15364
4307 15399
4316 15434
4322 15455
4328 15480
4335 15509
4343 15540
4350 15567
4359 15605
4369 15646
4375 15678
4382 15713
4393 15764
4401 15800
4410 15842
4420 15887
4427 15919
4433 15945
4440 15974
4450 16014
4458 16046
4466 16079
4475 16117
4483 16150
4490 16178
4499 16212
4510 16254
4520 16291
4531 16336
4543 16383
4550 16412
4559 16447
4569 16489
4580 16534
4586 16560
4593 16589
4601 16621
4609 16655
4616 16685
4624 16717
4633 16753
4645 16800
4655 16839
4665 16879
4674 16913
4684 16953
4693 16992
4703 17035
4714 17080
4724 17121
4734 17163
4741 17191
4748 17223
4756 17259
4765 17297
4773 17331
4780 17368
4788 17406
4796 17438
4805 17473
4813 17509
4822 17548
4829 17580
4837 17615
4844 17642
4852 17672
4859 17705
4867 17742
4878 17790
4887 17830
4896 17870
4906 17913
4915 17951
4923 17984
4933 18024
4945 18072
4956 18115
4968 18166
4981 18217
4989 18251
4999 18292
5006 18324
5014 18360
5023 18399
5032 18439
5040 18475
5049 18513
5059 18555
5072 18609
5083 18654
5094 18700
5104 18740
5115 18787
5125 18833
5136 18883
5148 18933
5159 18979
5170 19026
5178 19060
5186 19098
5195 19140
5205 19182
5214 19220
5222 19253
5231 19289
5241 19330
5252 19374
5256 19387
5261 19404
5270 19440
5280 19479
5287 19504
5294 19527
5302 19554
5313 19593
5322 19623
5331 19654
5339 19680
5347 19712
5356 19747
5366 19783
5375 19815
5384 19847
5390 19867
5395 19884
5400 19904
5406 19927
5413 19954
5421 19988
5427 20012
5434 20038
5442 20068
5453 20109
5462 20142
5471 20175
5479 20204
5488 20238
5496 20271
5505 20308
5515 20347
5524 20382
5533 20417
5539 20440
5551 20484
5561 20518
5571 20553
5581 20588
5589 20617
5599 20654
5608 20686
5617 20722
5627 20762
5638 20802
5648 20838
5654 20861
5662 20891
5671 20926
5685 20983
5700 21043
5714 21097
5729 21154
5739 21192
5746 21218
5756 21257
5770 21315
5781 21357
5789 21387
5800 21429
5809 21462
5818 21496
5828 21536
5837 21570
5845 21599
5855 21635
5867 21678
5878 21716
5890 21762
5903 21808
5911 21837
5921 21873
5932 21914
5944 21958
5951 21985
5959 22016
5968 22050
5977 22085
5985 22116
5994 22149
6004 22186
6017 22235
6028 22275
6039 22316
6049 22352
6060 22395
6070 22437
6081 22483
6093 22529
6104 22571
6115 22614
6123 22644
6131 22678
6140 22716
6150 22754
6159 22788
6165 22808
6172 22832
6182 22868
6190 22895
6198 22923
6207 22956
6218 23000
6227 23037
6237 23076
6249 23123
6262 23173
6270 23201
6279 23233
6289 23268
6298 23299
6305 23322
6314 23352
6325 23390
6335 23423
6346 23464
6358 23505
6365 23529
6374 23560
6380 23582
6388 23612
6395 23638
6403 23666
6412 23698
6424 23742
6434 23777
6444 23813
6453 23844
6463 23882
6472 23919
6482 23960
6493 24001
6503 24038
6513 24076
6520 24101
6527 24130
6535 24163
6544 24196
6552 24225
6558 24244
6565 24267
6575 24302
6583 24328
6591 24355
6600 24387
6608 24414
6615 24436
6624 24465
6635 24502
6645 24534
6656 24574
6668 24614
6675 24637
6684 24667
6690 24688
6697 24713
6705 24741
6715 24780
6726 24822
6734 24851
6741 24876
6749 24903
6758 24934
6770 24977
6780 25011
6790 25045
6799 25075
6809 25110
6818 25144
6828 25182
6839 25222
6849 25258
6859 25294
6866 25318
6873 25345
6879 25366
6886 25390
6894 25418
6902 25449
6911 25483
6920 25516
6927 25541
6935 25568
6944 25599
6956 25641
6966 25676
6976 25711
6985 25742
6995 25778
7004 25813
7014 25852
7025 25893
7035 25930
7045 25967
7052 25992
7065 26038
7076 26077
7087 26116
7098 26155
7107 26187
7120 26236
7134 26288
7145 26327
7155 26361
7165 26399
7176 26441
7188 26483
7199 26521
7206 26546
7215 26578
7223 26606
7228 26624
7234 26644
7243 26677
7253 26713
7261 26747
7270 26784
7277 26808
7287 26844
7295 26871
7303 26899
7312 26932
7320 26960
7327 26983
7336 27013
7347 27051
7357 27084
7368 27125
7380 27166
7387 27190
7396 27221
7402 27243
7409 27269
7417 27298
7425 27328
7432 27354
7440 27382
7449 27414
7461 27458
7471 27493
7481 27529
7490 27560
7500 27598
7509 27635
7519 27676
7530 27717
7540 27754
7550 27792
7557 27817
7564 27846
7572 27879
7581 27912
7589 27941
7595 27962
7604 28000
7614 28041
7621 28074
7629 28110
7637 28145
7646 28183
7650 28196
7655 28212
7662 28244
7670 28280
7681 28328
7690 28367
7699 28407
7709 28452
7718 28492
7726 28527
7736 28569
7748 28619
7759 28664
7771 28717
7784 28770
7792 28806
7802 28849
7809 28883
7817 28921
7826 28962
7837 29014
7849 29069
7858 29111
7866 29149
7875 29189
7885 29232
7898 29286
7909 29332
7920 29377
7930 29418
7941 29464
7951 29509
7962 29558
7974 29609
7985 29656
7996 29703
8004 29738
8012 29776
8021 29818
8031 29862
8040 29902
8046 29925
8053 29952
8063 29990
8071 30021
8079 30052
8088 30088
8096 30119
8103 30146
8112 30180
8123 30222
8133 30260
8144 30305
8156 30352
8163 30379
8172 30413
8178 30437
8185 30464
8193 30494
8201 30525
8208 30552
8216 30581
8225 30614
8237 30658
8247 30695
8257 30732
8266 30765
8276 30803
8285 30840
8295 30881
8306 30924
8316 30963
8326 31002
8333 31029
8340 31059
8347 31086
8355 31117
8363 31151
8372 31187
8381 31226
8391 31269
8399 31301
8404 31319
8410 31339
8417 31363
8427 31398
8435 31426
8443 31454
8452 31488
8460 31516
8467 31540
8476 31571
8487 31610
8497 31645
8508 31687
8520 31731
8527 31755
8536 31786
8542 31807
8549 31831
8557 31859
8567 31898
8578 31941
8586 31970
8593 31995
8601 32022
8610 32053
8622 32095
8632 32130
8642 32165
8651 32196
8661 32232
8670 32267
8680 32306
8691 32347
8701 32384
8711 32421
8718 32446
8725 32474
8731 32496
8739 32528
8748 32564
8757 32598
8764 32624
8772 32652
8781 32684
8793 32727
8803 32763
8813 32799
8822 32831
8832 32868
8841 32904
8851 32944
8862 32986
8872 33024
8882 33062
8889 33088
8902 33135
8913 33175
8924 33215
8935 33255
8947 33299
8956 33332
8969 33383
8983 33438
8994 33479
9004 33516
9014 33556
9025 33600
9037 33646
9048 33688
9055 33714
9064 33747
9072 33777
9078 33799
9083 33821
9089 33847
9098 33884
9105 33914
9112 33944
9120 33979
9127 34008
9133 34033
9141 34065
9151 34105
9160 34141
9170 34184
9181 34228
9187 34253
9195 34285
9200 34308
9206 34334
9215 34371
9222 34402
9230 34436
9238 34469
9247 34506
9253 34534
9260 34566
9268 34600
9275 34630
9288 34674
9302 34721
9317 34772
9331 34820
9337 34837
9344 34858
9354 34890
9362 34915
9370 34940
9379 34970
9387 34994
9394 35013
9403 35039
9414 35073
9424 35102
9435 35139
9447 35176
9454 35196
9463 35223
9469 35241
9476 35263
9484 35288
9492 35314
9499 35336
9507 35360
9516 35388
9528 35428
9538 35459
9548 35491
9557 35518
9567 35552
9576 35585
9586 35622
9597 35659
9607 35692
9617 35726
9624 35747
9631 35772
9639 35801
9646 35831
9654 35864
9662 35890
9671 35919
9679 35952
9688 35988
9696 36013
9706 36051
9717 36092
9723 36119
9730 36147
9738 36179
9749 36223
9758 36258
9767 36294
9777 36335
9786 36371
9794 36402
9804 36440
9816 36486
9827 36526
9839 36574
9852 36622
9860 36653
9870 36691
9877 36720
9885 36751
9895 36791
9906 36835
9914 36866
9923 36901
9930 36928
9938 36957
9947 36990
9959 37034
9969 37071
9979 37108
9988 37141
9998 37179
10007 37216
10017 37257
10028 37300
10038 37339
10048 37378
10055 37405
10062 37435
10070 37469
10079 37505
10086 37533
10094 37565
10105 37608
10114 37644
10123 37680
10133 37721
10142 37757
10150 37789
10160 37828
10172 37875
10183 37918
10195 37968
10208 38020
10216 38052
10226 38091
10233 38120
10241 38151
10250 38186
10259 38222
10267 38254
10276 38288
10286 38326
10299 38375
10310 38417
10321 38459
10331 38497
10342 38540
10352 38582
10363 38628
10375 38676
10386 38720
10397 38764
10405 38796
10413 38831
10422 38870
10432 38911
10441 38948
10451 38989
10460 39026
10470 39070
10481 39118
10492 39160
10504 39206
10515 39251
10530 39313
10542 39362
10546 39375
10553 39403
10561 39433
10570 39467
10582 39512
10592 39550
10602 39588
10613 39631
10623 39669
10632 39703
10643 39744
10656 39793
10668 39838
10681 39890
10695 39944
10704 39978
10715 40019
10723 40050
10732 40084
10742 40122
10752 40161
10761 40196
10771 40233
10782 40274
10796 40326
10808 40371
10820 40416
10831 40457
10843 40503
10854 40548
10866 40597
10879 40648
10891 40695
10903 40742
10912 40777
10921 40815
10931 40854
10942 40897
10952 40939
10963 40983
10973 41023
10981 41055
10986 41072
11001 41149
11017 41230
11023 41249
11030 41272
11040 41306
11048 41333
11056 41360
11065 41392
11073 41419
11080 41442
11089 41472
11100 41510
11110 41544
11121 41585
11133 41628
11140 41651
11149 41681
11155 41701
11162 41724
11170 41751
11178 41779
11185 41803
11193 41829
11202 41859
11214 41900
11224 41934
11234 41968
11243 41998
11253 42033
11262 42067
11272 42105
11283 42145
11293 42181
11303 42217
11310 42241
11317 42268
11325 42299
11334 42332
11342 42361
11350 42393
11359 42429
11368 42470
11378 42515
11388 42554
11399 42597
11409 42639
11420 42685
11431 42727
11443 42773
11449 42797
11456 42823
11466 42861
11477 42903
11485 42933
11496 42974
11505 43008
11514 43042
11524 43081
11533 43115
11541 43145
11551 43182
11563 43227
11574 43268
11586 43316
11599 43366
11607 43396
11617 43433
11624 43459
11632 43489
11640 43520
11649 43555
11656 43582
11664 43611
11673 43644
11685 43688
11695 43725
11705 43762
11714 43795
11724 43833
11733 43870
11743 43911
11754 43954
11764 43993
11774 44032
11781 44059
11788 44089
11796 44123
11805 44159
11811 44192
11818 44225
11829 44275
11837 44312
11844 44346
11850 44368
11857 44393
11865 44422
11874 44457
11881 44483
11889 44511
11898 44543
11910 44586
11920 44622
11930 44658
11939 44690
11949 44727
11958 44763
11968 44803
11979 44845
11989 44883
11999 44921
12006 44947
12019 44994
12030 45034
12041 45074
12052 45114
12064 45157
12077 45204
12089 45248
12098 45281
12111 45331
12125 45385
12136 45426
12146 45463
12156 45503
12167 45547
12179 45593
12190 45635
12197 45661
12206 45694
12214 45725
12223 45760
12230 45788
12238 45819
12247 45854
12254 45880
12262 45910
12268 45930
12278 45965
12290 46009
12303 46055
12313 46088
12320 46111
12328 46137
12337 46167
12348 46207
12360 46251
12371 46289
12383 46331
12391 46358
12401 46395
12412 46436
12424 46479
12435 46518
12443 46545
12451 46575
12460 46609
12470 46645
12479 46677
12486 46701
12492 46723
12499 46749
12507 46781
12516 46817
12527 46862
12539 46911
12545 46935
12552 46962
12560 46993
12570 47034
12577 47062
12587 47102
12598 47146
12609 47191
12621 47240
12632 47283
12644 47330
12655 47373
12667 47420
12678 47464
12687 47501
12696 47538
12705 47575
12712 47605
12721 47643
12729 47677
12737 47714
12746 47755
12756 47798
12765 47837
12772 47859
12780 47885
12791 47922
12800 47952
12809 47982
12819 48017
12828 48047
12838 48080
12849 48117
12859 48151
12867 48177
12877 48210
12889 48251
12900 48288
12912 48332
12925 48378
12933 48404
12943 48437
12950 48460
12958 48486
12967 48516
12976 48547
12984 48574
12993 48603
13003 48636
13016 48680
13027 48716
13038 48752
13048 48783
13059 48819
13069 48854
13080 48893
13092 48933
13103 48969
13114 49006
13122 49031
13131 49061
13141 49094
13149 49123
13158 49156
13168 49190
13177 49220
13187 49264
13198 49311
13210 49365
13223 49422
13231 49452
13240 49486
13252 49531
13262 49568
13272 49606
13281 49639
13289 49669
13298 49706
13308 49747
13319 49789
13329 49827
13339 49866
13345 49887
13351 49909
13358 49934
13366 49962
13373 49987
13381 50015
13389 50045
13398 50079
13408 50114
13416 50141
13425 50172
13435 50208
13450 50264
13466 50323
13481 50377
13497 50434
13508 50473
13515 50498
13523 50526
13532 50557
13540 50585
13551 50628
13563 50675
13576 50723
13588 50767
13598 50805
13609 50846
13618 50878
13628 50913
13639 50951
13649 50986
13658 51019
13669 51060
13681 51102
13690 51133
13701 51174
13713 51218
13724 51260
13740 51322
13757 51387
13769 51432
13777 51458
13787 51492
13796 51521
13805 51550
13815 51583
13828 51627
13839 51663
13850 51700
13860 51732
13869 51761
13879 51797
13890 51837
13902 51878
13913 51915
13924 51953
13932 51979
13940 52006
13949 52036
13962 52083
13972 52116
13981 52146
13993 52192
14003 52230
14013 52269
14023 52308
14032 52346
14042 52388
14053 52431
14063 52470
14070 52494
14078 52521
14087 52551
14094 52577
14102 52606
14111 52640
14121 52677
14125 52691
14130 52708
14136 52729
14145 52761
14152 52785
14159 52810
14167 52839
14174 52864
14180 52884
14188 52910
14198 52944
14207 52973
14217 53010
14228 53048
14234 53069
14242 53096
14247 53113
14253 53133
14260 53156
14267 53181
14273 53201
14280 53224
14288 53251
14299 53289
14308 53319
14317 53350
14325 53376
14334 53407
14342 53436
14351 53469
14361 53504
14370 53535
14379 53567
14385 53587
14391 53610
14398 53637
14404 53666
14411 53697
14419 53726
14426 53755
14437 53802
14445 53834
14452 53859
14459 53889
14467 53922
14476 53958
14484 53999
14490 54023
14497 54050
14504 54079
14512 54111
14521 54146
14531 54186
14543 54233
14556 54283
14567 54326
14575 54357
14581 54381
14588 54408
14594 54435
14601 54465
14612 54514
14625 54570
14639 54629
14651 54680
14659 54714
14668 54751
14678 54798
14692 54862
14703 54911
14713 54954
14724 55000
14731 55029
14740 55065
14750 55104
14758 55136
14770 55188
14784 55247
14799 55307
14811 55357
14820 55397
14830 55440
14841 55486
14851 55530
14863 55584
14876 55641
14890 55699
14903 55754
14913 55797
14923 55844
14934 55894
14946 55945
14957 55993
14963 56024
14970 56057
14978 56100
14987 56146
14997 56191
15008 56238
15015 56269
15023 56303
15037 56375
15052 56449
15068 56527
15085 56607
15094 56640
15104 56676
15115 56716
15127 56758
15134 56784
15142 56813
15148 56836
15154 56862
15161 56891
15168 56921
15176 56955
15187 57000
15196 57036
15205 57073
15215 57116
15224 57154
15234 57195
15245 57239
15255 57280
15263 57313
15273 57352
15285 57399
15296 57441
15308 57490
15321 57540
15329 57574
15339 57612
15346 57641
15354 57674
15363 57710
15374 57758
15386 57809
15395 57846
15403 57879
15412 57914
15422 57953
15435 58004
15446 58046
15457 58089
15467 58127
15478 58172
15488 58216
15499 58264
15511 58312
15522 58356
15533 58401
15541 58433
15549 58469
15558 58509
15568 58549
15577 58585
15585 58620
15594 58658
15602 58693
15611 58732
15623 58782
15633 58824
15643 58866
15654 58913
15664 58954
15673 58990
15684 59033
15697 59084
15709 59130
15722 59184
15736 59238
15745 59275
15756 59319
15764 59354
15773 59393
15783 59435
15795 59489
15808 59546
15818 59588
15827 59626
15837 59667
15848 59712
15862 59768
15874 59816
15886 59865
15897 59909
15909 59958
15920 60005
15932 60056
15945 60109
15957 60158
15969 60208
15978 60245
15988 60288
15999 60334
16010 60379
16022 60427
16031 60467
16041 60511
16052 60557
16062 60599
16072 60641
16083 60687
16097 60744
16109 60793
16121 60843
16134 60897
16146 60947
16157 60992
16170 61043
16185 61102
16199 61156
16214 61217
16230 61280
16241 61326
16254 61378
16264 61420
16275 61465
16287 61513
16299 61563
16310 61609
16322 61658
16335 61711
16351 61775
16365 61831
16379 61888
16392 61940
16406 61997
16419 62052
16433 62111
16448 62172
16462 62229
16476 62287
16487 62332
16498 62380
16510 62432
16523 62486
16535 62536
16541 62560
16548 62588
16558 62627
16566 62658
16574 62690
16583 62726
16591 62758
16598 62785
16607 62818
16618 62859
16628 62895
16639 62938
16651 62983
16658 63011
16667 63045
16673 63069
16681 63101
16688 63129
16696 63160
16705 63195
16717 63241
16727 63279
16737 63318
16746 63352
16756 63391
16765 63428
16775 63469
16786 63512
16796 63551
16806 63591
16813 63618
16820 63648
16828 63682
16837 63718
16845 63750
16853 63782
16862 63818
16874 63865
16884 63904
16894 63944
16905 63988
16916 64033
16926 64073
16935 64108
16946 64149
16959 64198
16971 64242
16984 64293
16998 64346
17007 64382
17018 64424
17030 64472
17043 64523
17055 64571
17068 64622
17081 64674
17095 64729
17103 64761
17112 64796
17122 64834
17132 64874
17141 64910
17151 64948
17162 64990
17176 65043
17188 65088
17200 65134
17211 65175
17223 65221
17234 65265
17246 65313
17259 65363
17271 65409
17283 65456
17292 65490
17301 65527
17311 65568
17322 65611
17336 65676
17351 65744
17364 65796
17378 65851
17388 65890
17394 65914
17401 65941
17409 65973
17418 66009
17430 66056
17440 66095
17450 66135
17461 66179
17471 66219
17480 66254
17491 66295
17504 66344
17516 66388
17529 66439
17543 66492
17552 66528
17563 66570
17575 66618
17588 66669
17596 66701
17605 66736
17615 66774
17624 66811
17635 66856
17647 66904
17657 66944
17667 66984
17676 67020
17686 67059
17697 67102
17711 67156
17723 67202
17735 67249
17746 67291
17758 67338
17769 67383
17781 67432
17794 67483
17806 67530
17818 67578
17827 67613
17836 67651
17846 67693
17857 67737
17867 67777
17874 67808
17887 67862
17901 67918
17911 67959
17922 68003
17930 68036
17941 68080
17950 68116
17959 68153
17969 68194
17978 68231
17988 68271
17999 68314
18009 68354
18017 68386
18027 68424
18039 68470
18050 68511
18062 68559
18075 68609
18083 68642
18093 68681
18104 68726
18116 68774
18123 68803
18131 68835
18140 68870
18149 68907
18157 68940
18166 68976
18176 69016
18189 69067
18200 69110
18211 69154
18221 69193
18232 69237
18242 69279
18253 69325
18265 69373
18276 69417
18287 69462
18295 69494
18304 69531
18314 69571
18322 69605
18331 69643
18340 69680
18350 69720
18359 69756
18364 69773
18377 69821
18391 69872
18401 69908
18412 69947
18421 69979
18431 70014
18439 70042
18448 70073
18458 70108
18472 70161
18483 70199
18495 70241
18508 70287
18524 70344
18538 70393
18552 70443
18567 70498
18581 70548
18594 70593
18609 70644
18626 70703
18642 70757
18659 70818
18677 70881
18690 70927
18705 70979
18717 71021
18730 71066
18744 71114
18758 71164
18771 71210
18785 71259
18800 71312
18818 71376
18834 71432
18850 71489
18865 71541
18881 71598
18896 71653
18912 71712
18929 71773
18945 71830
18961 71888
18974 71933
18987 71981
19001 72033
19016 72087
19030 72137
19043 72183
19057 72232
19065 72264
19074 72299
19084 72338
19097 72388
19108 72430
19119 72473
19131 72521
19142 72564
19152 72602
19164 72646
19178 72698
19191 72745
19205 72799
19220 72855
19230 72894
19242 72939
19251 72974
19261 73012
19272 73053
19282 73094
19294 73144
19310 73212
19323 73265
19334 73309
19345 73352
19355 73391
19366 73433
19378 73479
19393 73536
19406 73585
19419 73635
19431 73680
19444 73730
19456 73778
19469 73830
19483 73884
19496 73934
19509 73985
19519 74023
19529 74064
19540 74109
19552 74156
19563 74199
19572 74234
19578 74255
19585 74279
19592 74309
19600 74343
19611 74388
19620 74424
19629 74461
19639 74502
19648 74539
19656 74571
19666 74609
19678 74655
19689 74696
19701 74744
19714 74794
19722 74827
19732 74866
19743 74911
19755 74959
19762 74988
19770 75020
19779 75055
19788 75092
19796 75125
19805 75161
19815 75201
19828 75252
19839 75295
19850 75339
19860 75378
19871 75422
19881 75464
19892 75510
19904 75558
19915 75602
19926 75647
19934 75679
19942 75714
19951 75753
19961 75794
19970 75831
19979 75868
19991 75917
20004 75969
20014 76010
20027 76062
20038 76106
20049 76151
20061 76200
20072 76245
20082 76285
20094 76331
20108 76385
20121 76434
20135 76490
20150 76548
20160 76589
20172 76636
20185 76689
20199 76745
20208 76782
20218 76822
20229 76865
20242 76919
20256 76976
20267 77021
20277 77062
20288 77106
20300 77154
20315 77213
20328 77264
20341 77316
20353 77363
20366 77415
20378 77465
20391 77519
20405 77575
20418 77627
20431 77680
20441 77720
20451 77763
20462 77808
20474 77856
20485 77900
20496 77941
20508 77984
20521 78033
20535 78085
20546 78124
20554 78153
20563 78185
20573 78221
20582 78254
20593 78296
20605 78342
20618 78391
20630 78436
20639 78469
20648 78504
20658 78543
20669 78585
20679 78623
20685 78645
20693 78676
20702 78711
20709 78737
20719 78774
20727 78804
20735 78834
20744 78869
20752 78899
20759 78925
20768 78958
20779 78999
20789 79036
20800 79079
20812 79125
20819 79151
20828 79184
20834 79207
20841 79233
20849 79263
20857 79294
20864 79321
20872 79350
20881 79383
20893 79426
20903 79462
20913 79498
20922 79530
20932 79567
20941 79603
20951 79643
20962 79685
20972 79723
20982 79761
20989 79787
20996 79816
21004 79849
21013 79884
21021 79915
21030 79953
21040 79995
21053 80048
21064 80094
21075 80140
21087 80191
21098 80237
21110 80286
21123 80339
21135 80389
21145 80431
21157 80480
21171 80537
21184 80590
21198 80650
21213 80712
21223 80754
21235 80803
21248 80857
21262 80915
21275 80969
21289 81027
21303 81084
21318 81145
21329 81191
21338 81230
21348 81272
21359 81318
21372 81374
21386 81434
21397 81481
21407 81524
21418 81569
21430 81618
21445 81678
21458 81731
21471 81784
21483 81833
21496 81887
21508 81940
21521 81997
21535 82056
21548 82111
21561 82166
21571 82209
21581 82255
21592 82305
21604 82357
21615 82405
21625 82449
21636 82497
21650 82556
21662 82608
21674 82660
21687 82717
21699 82768
21710 82815
21723 82869
21738 82931
21752 82989
21767 83053
21783 83120
21794 83167
21807 83221
21821 83280
21836 83343
21851 83405
21867 83470
21877 83513
21888 83559
21900 83609
21914 83669
21929 83733
21941 83784
21952 83831
21964 83880
21977 83933
21993 83997
22007 84054
22021 84111
22034 84164
22048 84222
22061 84278
22075 84338
22090 84401
22104 84460
22118 84519
22129 84566
22140 84615
22152 84668
22165 84724
22177 84776
22185 84813
22194 84853
22204 84897
22215 84947
22224 84988
22234 85031
22245 85078
22259 85136
22271 85187
22283 85238
22294 85285
22306 85337
22317 85387
22329 85441
22342 85498
22354 85551
22366 85604
22375 85645
22390 85707
22403 85762
22416 85817
22429 85872
22440 85920
22455 85985
22471 86054
22484 86110
22496 86162
22508 86216
22521 86274
22535 86335
22548 86392
22557 86433
22568 86480
22574 86501
22581 86525
22591 86560
22599 86588
22607 86616
22616 86649
22624 86677
22631 86701
22640 86732
22651 86771
22661 86806
22672 86847
22684 86891
22691 86915
22700 86946
22706 86970
22713 86996
22723 87035
22734 87078
22742 87108
22753 87149
22765 87198
22774 87232
22783 87266
22793 87305
22802 87339
22810 87369
22820 87406
22832 87451
22843 87492
22855 87539
22868 87589
22876 87619
22886 87656
22893 87683
22901 87713
22910 87747
22921 87791
22933 87839
22942 87874
22951 87909
22964 87959
22978 88013
22988 88051
22996 88082
23005 88116
23015 88153
23028 88201
23039 88242
23050 88283
23060 88320
23071 88362
23081 88402
23092 88446
23104 88493
23115 88536
23126 88579
23134 88610
23143 88646
23153 88685
23161 88718
23170 88755
23180 88794
23189 88830
23199 88869
23208 88904
23215 88931
23221 88953
23228 88978
23236 89006
23244 89036
23251 89062
23259 89090
23268 89121
23280 89163
23290 89198
23300 89233
23309 89264
23319 89300
23328 89334
23338 89372
23349 89413
23359 89450
23369 89487
23376 89512
23383 89539
23391 89570
23400 89604
23408 89634
23414 89656
23421 89681
23429 89710
23436 89736
23443 89760
23453 89797
23464 89838
23473 89872
23483 89910
23491 89938
23502 89977
23511 90009
23520 90041
23530 90078
23539 90110
23547 90138
23557 90173
23569 90216
23580 90255
23592 90300
23605 90348
23613 90376
23623 90411
23630 90436
23638 90464
23647 90496
23656 90529
23664 90558
23673 90589
23683 90624
23696 90670
23707 90709
23718 90748
23728 90783
23739 90823
23749 90861
23760 90903
23772 90948
23783 90989
23794 91030
23802 91059
23810 91090
23819 91125
23829 91163
23838 91197
23843 91215
23849 91235
23856 91259
23866 91294
23874 91322
23882 91350
23891 91383
23899 91411
23906 91435
23915 91466
23926 91505
23936 91540
23947 91581
23959 91625
23966 91649
23975 91680
23981 91701
23988 91725
23996 91753
24006 91791
24017 91833
24025 91862
24032 91887
24040 91914
24049 91945
24061 91987
24071 92022
24081 92057
24090 92088
24100 92124
24109 92158
24119 92196
24130 92237
24140 92274
24150 92311
24157 92336
24164 92363
24172 92394
24181 92428
24189 92458
24198 92492
24206 92522
24212 92544
24218 92565
24225 92590
24235 92626
24243 92655
24251 92684
24260 92718
24268 92747
24275 92772
24284 92804
24295 92844
24305 92880
24316 92922
24328 92967
24335 92992
24344 93024
24352 93057
24361 93094
24373 93142
24383 93183
24393 93224
24404 93270
24414 93311
24423 93348
24434 93392
24447 93444
24459 93492
24472 93546
24486 93603
24495 93640
24506 93684
24514 93718
24523 93755
24533 93796
24545 93847
24558 93902
24568 93944
24577 93982
24587 94022
24598 94066
24612 94121
24624 94169
24636 94217
24647 94261
24659 94310
24670 94357
24682 94408
24695 94462
24707 94512
24719 94562
24728 94597
24738 94638
24749 94682
24760 94725
24772 94771
24781 94809
24791 94851
24802 94895
24812 94935
24822 94974
24834 95020
24847 95068
24857 95105
24864 95132
24872 95162
24881 95195
24892 95239
24904 95286
24912 95317
24922 95357
24933 95401
24945 95447
24956 95489
24964 95519
24972 95552
24981 95589
24991 95628
25000 95664
25010 95703
25019 95738
25025 95759
25032 95783
25040 95810
25048 95839
25055 95864
25063 95892
25072 95924
25084 95967
25094 96002
25104 96038
25113 96069
25123 96105
25132 96139
25142 96177
25153 96217
25163 96253
25173 96290
25180 96314
25187 96341
25195 96372
25204 96405
25212 96434
25220 96468
25229 96506
25241 96555
25251 96596
25261 96638
25272 96684
25282 96726
25291 96763
25302 96806
25315 96857
25327 96903
25340 96956
25354 97011
25363 97049
25374 97093
25382 97127
25391 97164
25401 97204
25413 97255
25426 97309
25436 97351
25445 97389
25455 97430
25466 97475
25480 97531
25492 97579
25504 97628
25515 97672
25527 97721
25538 97768
25550 97819
25563 97872
25575 97921
25587 97971
25596 98008
25605 98048
25615 98092
25626 98138
25636 98180
25647 98220
25656 98252
25665 98285
25674 98318
25682 98347
25693 98388
25702 98421
25712 98457
25723 98497
25737 98548
25749 98591
25761 98635
25772 98674
25784 98718
25795 98760
25807 98806
25820 98854
25832 98898
25844 98943
25853 98975
25868 99028
25881 99073
25894 99119
25907 99165
25918 99203
25931 99249
25943 99290
25955 99334
25968 99382
25982 99432
25995 99478
26004 99511
26015 99550
26022 99575
26031 99608
26039 99636
26047 99667
26056 99702
26066 99739
26074 99769
26083 99802
26091 99831
26100 99864
26112 99908
26122 99944
26132 99981
26141 100013
26150 100048
26160 100087
26171 100128
26181 100165
26191 100203
26198 100228
26205 100254
26212 100281
26220 100311
26229 100344
26239 100383
26250 100425
26258 100455
26268 100491
26280 100535
26291 100574
26303 100620
26316 100668
26324 100699
26334 100736
26342 100765
26351 100798
26363 100842
26373 100878
26383 100915
26394 100956
26404 100993
26413 101025
26424 101063
26437 101109
26449 101150
26462 101198
26476 101248
26485 101281
26496 101320
26504 101349
26513 101381
26523 101416
26535 101462
26548 101511
26558 101548
26567 101581
26577 101617
26588 101657
26602 101708
26614 101751
26626 101795
26637 101834
26649 101878
26660 101920
26672 101966
26685 102014
26697 102058
26709 102103
26718 102135
26727 102170
26737 102209
26748 102250
26758 102287
26767 102323
26777 102363
26790 102414
26801 102457
26812 102501
26824 102549
26836 102595
26849 102644
26860 102688
26870 102727
26882 102772
26896 102825
26909 102873
26923 102928
26938 102985
26948 103025
26960 103071
26969 103107
26979 103146
26990 103188
27001 103232
27011 103272
27022 103315
27034 103362
27049 103420
27062 103470
27075 103521
27087 103567
27100 103618
27112 103667
27125 103720
27139 103775
27152 103826
27165 103878
27175 103917
27185 103959
27196 104005
27208 104053
27219 104097
27228 104136
27238 104178
27247 104211
27257 104248
27270 104296
27281 104336
27292 104377
27304 104422
27315 104463
27325 104499
27337 104541
27351 104591
27364 104636
27378 104688
27393 104742
27403 104779
27415 104822
27428 104871
27442 104923
27451 104956
27461 104992
27472 105031
27483 105072
27493 105109
27504 105149
27516 105193
27531 105248
27544 105295
27557 105343
27569 105386
27582 105434
27594 105480
27607 105530
27621 105582
27634 105630
27647 105679
27657 105715
27668 105757
27680 105802
27690 105841
27701 105884
27711 105929
27722 105977
27734 106022
27745 106067
27757 106115
27768 106156
27780 106200
27793 106247
27803 106280
27814 106316
27826 106355
27837 106391
27846 106423
27856 106458
27862 106478
27870 106509
27880 106550
27891 106594
27900 106629
27912 106675
27922 106713
27932 106752
27943 106795
27953 106834
27962 106868
27973 106908
27986 106956
27998 106999
28011 107049
28025 107101
28034 107136
28045 107177
28053 107208
28067 107270
28082 107335
28091 107369
28101 107406
28111 107445
28120 107480
28130 107518
28141 107560
28155 107613
28167 107658
28179 107704
28190 107744
28202 107789
28213 107832
28225 107879
28238 107928
28250 107973
28262 108019
28271 108052
28281 108091
28292 108133
28303 108174
28315 108218
28324 108254
28334 108294
28345 108336
28355 108374
28362 108397
28370 108425
28377 108449
28390 108494
28401 108531
28412 108569
28423 108607
28432 108637
28445 108684
28459 108734
28470 108772
28480 108808
28491 108848
28503 108890
28514 108928
28521 108953
28530 108985
28540 109021
28553 109068
28564 109107
28575 109147
28585 109182
28594 109214
28604 109252
28615 109294
28627 109338
28638 109378
28649 109419
28657 109452
28666 109488
28676 109527
28687 109572
28696 109609
28707 109655
28719 109705
28732 109757
28744 109805
28753 109841
28768 109900
28784 109962
28796 110010
28810 110064
28823 110114
28834 110157
28839 110175
28845 110196
28852 110220
28860 110250
28869 110283
28875 110304
28883 110331
28893 110366
28902 110396
28912 110433
28923 110472
28929 110494
28937 110522
28941 110536
28948 110563
28961 110614
28972 110657
28983 110701
28994 110745
29006 110792
29019 110842
29031 110889
29040 110925
29051 110969
29062 111012
29074 111059
29089 111117
29102 111167
29115 111218
29127 111264
29139 111313
29152 111366
29166 111421
29179 111472
29192 111524
29202 111563
29212 111605
29221 111642
29231 111682
29242 111725
29253 111771
29265 111820
29277 111868
29287 111909
29300 111961
29310 112001
29322 112047
29336 112101
29349 112150
29363 112206
29378 112264
29388 112305
29400 112352
29411 112396
29419 112426
29425 112449
29432 112476
29442 112514
29450 112544
29458 112575
29467 112610
29475 112641
29482 112667
29491 112699
29502 112739
29512 112774
29523 112816
29535 112860
29542 112887
29551 112920
29557 112943
29564 112969
29572 112998
29580 113029
29587 113056
29595 113086
29604 113120
29616 113165
29626 113202
29636 113240
29645 113273
29655 113311
29664 113347
29674 113387
29685 113429
29695 113467
29705 113506
29712 113532
29719 113561
29727 113594
29736 113629
29744 113660
29753 113696
29763 113735
29776 113785
29787 113827
29798 113870
29810 113917
29821 113960
29831 113998
29843 114042
29857 114094
29870 114141
29884 114196
29899 114252
29909 114291
29921 114336
29934 114387
29948 114441
29957 114476
29967 114514
29978 114555
29989 114598
29999 114637
30010 114679
30022 114725
30037 114782
30050 114831
30063 114881
30075 114926
30088 114976
30100 115025
30113 115078
30127 115132
30140 115182
30153 115233
30163 115271
30173 115313
30184 115359
30196 115406
30207 115449
30215 115482
30224 115519
30236 115567
30246 115607
30256 115648
30267 115693
30277 115734
30286 115770
30297 115812
30310 115862
30322 115907
30335 115960
30349 116014
30358 116051
30369 116094
30381 116143
30394 116195
30406 116244
30419 116296
30427 116329
30436 116365
30446 116404
30456 116445
30465 116482
30475 116522
30486 116566
30500 116621
30512 116668
30524 116716
30535 116759
30547 116807
30558 116854
30570 116905
30583 116957
30595 117005
30607 117054
30616 117090
30625 117130
30635 117174
30646 117219
30656 117260
30661 117277
30667 117297
30674 117321
30684 117356
30692 117383
30700 117411
30709 117443
30717 117471
30724 117494
30733 117523
30744 117560
30754 117592
30765 117632
30777 117673
30784 117697
30793 117727
30803 117763
30814 117802
30823 117841
30833 117883
30843 117919
30854 117958
30864 117998
30875 118041
30886 118080
30898 118122
30909 118160
30921 118201
30927 118221
30934 118244
30942 118270
30950 118298
30957 118322
30965 118349
30974 118380
30986 118422
30996 118456
31006 118491
31015 118521
31025 118556
31034 118590
31044 118628
31055 118667
31065 118702
31075 118738
31082 118761
31089 118788
31097 118819
31106 118851
31114 118879
31117 118888
31125 118923
31134 118961
31139 118977
31145 118997
31154 119028
31161 119051
31168 119075
31176 119103
31183 119127
31189 119146
31197 119171
31207 119204
31216 119232
31226 119268
31237 119305
31243 119325
31251 119351
31257 119371
31264 119394
31272 119422
31281 119453
31286 119469
31292 119488
31299 119510
31306 119534
31312 119554
31319 119577
31327 119604
31338 119642
31347 119672
31356 119703
31364 119729
31373 119760
31381 119790
31390 119824
31400 119859
31409 119890
31418 119922
31424 119941
31430 119964
31437 119991
31445 120019
31452 120043
31456 120055
31465 120083
31475 120114
31483 120140
31492 120169
31502 120201
31511 120230
31520 120265
31530 120303
31537 120326
31545 120352
31553 120387
31562 120426
31574 120476
31584 120518
31594 120561
31605 120608
31615 120651
31624 120689
31635 120733
31648 120785
31660 120832
31673 120887
31687 120943
31696 120982
31707 121027
31715 121062
31724 121100
31734 121141
31744 121184
31753 121223
31763 121265
31774 121311
31788 121367
31800 121415
31812 121464
31823 121508
31835 121557
31846 121605
31858 121657
31871 121710
31883 121759
31895 121809
31904 121846
31913 121887
31923 121932
31934 121978
31944 122020
31952 122054
31961 122091
31972 122129
31984 122170
31991 122194
32001 122231
32012 122271
32020 122298
32030 122335
32041 122375
32048 122406
32056 122441
32067 122487
32076 122525
32085 122564
32095 122607
32104 122646
32112 122680
32122 122720
32134 122768
32145 122811
32157 122862
32170 122914
32178 122948
32188 122988
32195 123018
32203 123051
32212 123087
32221 123124
32231 123164
32243 123219
32256 123277
32265 123315
32273 123349
32282 123386
32292 123427
32305 123479
32316 123523
32327 123568
32337 123608
32348 123653
32358 123697
32369 123745
32381 123794
32392 123839
32403 123885
32411 123918
32419 123955
32428 123996
32438 124038
32447 124076
32464 124156
32482 124239
32491 124277
32502 124326
32514 124378
32524 124420
32537 124473
32548 124518
32559 124564
32571 124614
32582 124660
32592 124701
32604 124748
32618 124803
32631 124853
32645 124911
32660 124970
32670 125012
32682 125060
32691 125098
32701 125139
32712 125183
32723 125229
32733 125271
32744 125316
32756 125365
32771 125425
32784 125477
32797 125530
32809 125578
32822 125631
32834 125683
32847 125739
32861 125796
32874 125849
32887 125903
32897 125944
32907 125989
32918 126038
32930 126088
32941 126134
32948 126164
32955 126192
32963 126224
32974 126267
32983 126302
32992 126338
33002 126378
33011 126414
33019 126445
33029 126482
33041 126527
33052 126567
33064 126615
33077 126664
33085 126696
33095 126734
33102 126762
33110 126792
33119 126825
33130 126869
33142 126916
33151 126951
33159 126982
33168 127016
33178 127054
33191 127103
33202 127144
33213 127186
33223 127223
33234 127265
33244 127306
33255 127351
33267 127397
33278 127439
33289 127482
33297 127512
33305 127546
33314 127584
33324 127623
33333 127658
33338 127678
33344 127701
33350 127724
33358 127754
33367 127787
33374 127813
33382 127846
33391 127883
33403 127931
33413 127971
33423 128012
33434 128057
33444 128098
33453 128134
33464 128176
33477 128226
33489 128271
33502 128324
33516 128378
33525 128415
33536 128458
33544 128491
33553 128527
33563 128566
33575 128616
33588 128669
33598 128710
33607 128747
33617 128787
33628 128831
33642 128886
33654 128933
33666 128981
33677 129024
33689 129072
33700 129119
33712 129170
33725 129222
33737 129270
33749 129319
33758 129355
33767 129395
33777 129439
33788 129484
33798 129525
33804 129548
33813 129583
33823 129621
33830 129648
33840 129686
33848 129716
33856 129747
33865 129782
33873 129813
33880 129839
33889 129871
33900 129911
33910 129946
33921 129989
33933 130033
33940 130060
33949 130093
33955 130116
33962 130142
33970 130171
33978 130202
33985 130229
33993 130259
34002 130293
34014 130338
34024 130375
34034 130413
34043 130446
34053 130484
34062 130521
34072 130562
34083 130604
34093 130642
34103 130681
34110 130707
34118 130739
34127 130774
34136 130808
34146 130845
34153 130875
34161 130909
34170 130944
34178 130975
34187 131011
34198 131054
34210 131100
34220 131139
34226 131167
34233 131199
34243 131242
34251 131277
34259 131313
34268 131353
34276 131389
34283 131420
34292 131457
34303 131502
34313 131542
34324 131590
34336 131639
34343 131671
34352 131709
34358 131737
34365 131768
34373 131802
34383 131847
34394 131895
34402 131931
34409 131963
34417 131998
34426 132037
34438 132087
34448 132129
34458 132172
34467 132210
34477 132252
34486 132292
34496 132336
34507 132382
34517 132424
34527 132467
34534 132497
34541 132530
34549 132567
34558 132606
34566 132641
34573 132673
34581 132707
34589 132741
34598 132778
34605 132807
34613 132839
34627 132899
34642 132962
34652 133007
34664 133060
34677 133114
34687 133157
34694 133190
34702 133226
34711 133265
34722 133315
34734 133368
34742 133405
34752 133452
34763 133503
34775 133555
34786 133603
34794 133639
34802 133679
34811 133723
34821 133768
34830 133809
34838 133842
34850 133896
34863 133953
34875 134002
34888 134054
34901 134108
34915 134165
34924 134201
34931 134230
34939 134262
34947 134295
34956 134331
34963 134365
34971 134402
34981 134440
34992 134481
35000 134513
35009 134548
35014 134567
35020 134589
35028 134625
35039 134674
35051 134726
35060 134766
35072 134817
35082 134860
35092 134904
35103 134952
35113 134996
35124 135043
35136 135093
35147 135140
35156 135179
35167 135224
35180 135277
35192 135325
35205 135381
35219 135438
35228 135478
35239 135524
35252 135579
35266 135637
35274 135673
35283 135712
35293 135754
35303 135798
35312 135838
35322 135881
35333 135928
35347 135986
35359 136036
35371 136087
35382 136133
35394 136184
35405 136234
35417 136288
35430 136343
35442 136394
35454 136446
35463 136485
35472 136528
35482 136575
35493 136623
35503 136667
35513 136707
35524 136750
35535 136794
35547 136841
35554 136868
35562 136898
35572 136944
35583 136993
35590 137019
35598 137048
35605 137078
35613 137112
35624 137157
35633 137194
35642 137232
35652 137274
35661 137312
35669 137345
35679 137384
35691 137431
35702 137473
35714 137523
35727 137574
35735 137608
35745 137647
35752 137676
35760 137708
35769 137743
35778 137780
35786 137813
35795 137849
35805 137889
35818 137940
35829 137983
35840 138027
35850 138066
35861 138110
35871 138152
35882 138198
35894 138246
35905 138290
35916 138335
35924 138367
35932 138402
35941 138441
35951 138482
35960 138519
35965 138536
35971 138556
35979 138586
35988 138619
35995 138643
36005 138678
36013 138705
36021 138733
36030 138765
36038 138793
36045 138816
36054 138845
36065 138882
36075 138914
36086 138953
36098 138994
36105 139018
36114 139048
36124 139084
36135 139123
36141 139143
36148 139166
36156 139192
36164 139220
36171 139244
36179 139271
36188 139302
36200 139344
36210 139378
36220 139413
36229 139443
36239 139478
36248 139511
36258 139548
36269 139587
36279 139622
36289 139658
36296 139681
36303 139707
36310 139731
36318 139758
36326 139788
36335 139820
36343 139848
36349 139868
36354 139886
36360 139908
36367 139932
36375 139960
36386 139999
36395 140030
36404 140062
36414 140098
36423 140130
36431 140157
36441 140190
36453 140231
36464 140267
36476 140310
36489 140355
36497 140383
36507 140417
36514 140441
36522 140468
36531 140498
36540 140530
36548 140558
36557 140589
36567 140624
36580 140670
36591 140708
36602 140747
36612 140781
36623 140820
36633 140857
36644 140898
36656 140941
36667 140980
36678 141020
36686 141047
36694 141077
36703 141111
36713 141147
36722 141179
36731 141219
36741 141262
36745 141277
36750 141295
36754 141308
36762 141342
36771 141379
36776 141395
36783 141425
36791 141458
36798 141488
36806 141521
36810 141535
36817 141562
36825 141592
36832 141617
36840 141645
36846 141667
36855 141700
36865 141736
36872 141761
36877 141778
36888 141825
36901 141879
36915 141934
36926 141978
36934 142012
36943 142049
36953 142089
36965 142140
36978 142194
36987 142232
36998 142279
37010 142330
37023 142383
37035 142432
37044 142469
37053 142509
37063 142553
37074 142599
37084 142641
37089 142658
37095 142678
37101 142706
37108 142737
37114 142770
37123 142808
37133 142849
37140 142885
37151 142925
37164 142972
37178 143022
37190 143065
37200 143107
37211 143152
37222 143196
37231 143232
37240 143269
37249 143306
37259 143344
37270 143385
37279 143423
37289 143464
37297 143499
37306 143538
37316 143579
37324 143613
37333 143650
37341 143683
37350 143720
37362 143768
37372 143808
37382 143849
37391 143885
37400 143924
37410 143967
37421 144012
37431 144053
37441 144095
37447 144121
37454 144150
37462 144183
37472 144224
37481 144260
37489 144293
37497 144327
37506 144362
37516 144401
37529 144451
37540 144493
37551 144536
37563 144583
37574 144626
37584 144664
37596 144708
37610 144760
37623 144807
37637 144861
37652 144917
37662 144956
37674 145001
37683 145036
37696 145088
37710 145143
37721 145186
37731 145225
37742 145267
37754 145313
37769 145370
37782 145419
37795 145469
37807 145514
37820 145564
37832 145612
37845 145664
37859 145718
37872 145767
37885 145817
37895 145854
37905 145894
37916 145938
37928 145984
37939 146026
37947 146060
37956 146097
37962 146122
37969 146150
37977 146181
37987 146227
37998 146276
38009 146321
38021 146369
38032 146417
38044 146468
38052 146499
38062 146538
38071 146572
38081 146613
38092 146656
38098 146682
38106 146714
38113 146743
38121 146776
38132 146822
38144 146871
38153 146908
38165 146956
38175 146996
38185 147037
38196 147082
38206 147123
38215 147159
38226 147201
38239 147251
38251 147296
38264 147348
38278 147402
38287 147439
38298 147482
38306 147515
38315 147551
38325 147590
38337 147640
38350 147693
38360 147734
38369 147771
38379 147811
38390 147855
38404 147910
38416 147957
38428 148005
38439 148048
38451 148096
38462 148142
38474 148192
38487 148244
38499 148292
38511 148341
38520 148377
38529 148416
38539 148459
38550 148504
38560 148545
38564 148558
38569 148574
38575 148594
38582 148617
38591 148652
38601 148690
38613 148736
38626 148785
38637 148836
38645 148865
38654 148897
38663 148930
38673 148966
38684 149011
38699 149073
38711 149121
38722 149165
38734 149212
38746 149260
38759 149311
38770 149353
38782 149398
38791 149431
38801 149467
38812 149513
38824 149562
38832 149594
38841 149629
38849 149664
38858 149702
38868 149745
38879 149791
38887 149824
38896 149860
38906 149897
38917 149937
38925 149965
38934 149996
38943 150038
38953 150083
38957 150096
38962 150113
38970 150141
38976 150161
38982 150182
38989 150207
38995 150228
39002 150252
39007 150268
39014 150290
39023 150320
39031 150345
39040 150377
39050 150411
39055 150428
39062 150451
39066 150464
39071 150480
39077 150499
39083 150520
39088 150537
39094 150557
39101 150581
39111 150616
39119 150643
39127 150671
39134 150694
39142 150722
39149 150748
39157 150778
39166 150810
39174 150838
39182 150867
39187 150883
39193 150905
39200 150930
39205 150949
39211 150972
39216 150995
39222 151021
39229 151046
39237 151074
39246 151111
39256 151151
39265 151185
39275 151222
39283 151251
39292 151283
39300 151316
39309 151352
39320 151398
39332 151447
39343 151489
39355 151534
39367 151580
39380 151629
39392 151678
39405 151730
39417 151779
39430 151831
39438 151860
39447 151892
39461 151948
39476 152007
39482 152029
39490 152058
39501 152100
39513 152145
39522 152178
39534 152222
39545 152262
39557 152305
39567 152341
39577 152378
39588 152419
39598 152456
39610 152500
39623 152547
39632 152579
39643 152617
39656 152663
39668 152704
39681 152752
39695 152802
39704 152835
39715 152874
39723 152903
39732 152935
39742 152970
39754 153016
39767 153065
39777 153102
39786 153135
39796 153171
39807 153211
39821 153262
39833 153305
39845 153349
39856 153388
39868 153432
39879 153474
39891 153520
39904 153568
39916 153612
39928 153657
39937 153689
39947 153727
39958 153768
39967 153803
39977 153842
39988 153883
39998 153920
40005 153945
40011 153970
40018 153999
40028 154039
40036 154071
40044 154104
40053 154141
40061 154174
40068 154202
40077 154236
40088 154278
40098 154315
40109 154359
40121 154405
40128 154434
40137 154469
40147 154510
40158 154554
40168 154595
40179 154639
40185 154664
40192 154692
40200 154723
40210 154765
40218 154798
40225 154827
40233 154859
40242 154895
40254 154942
40264 154981
40274 155021
40283 155056
40293 155096
40302 155134
40312 155176
40323 155220
40333 155260
40343 155301
40350 155329
40358 155363
40367 155400
40374 155431
40382 155466
40391 155503
40400 155541
40410 155582
40419 155618
40429 155657
40437 155690
40446 155726
40454 155759
40460 155780
40467 155804
40475 155831
40483 155860
40492 155892
40501 155925
40511 155962
40524 156010
40535 156050
40546 156091
40558 156136
40569 156177
40579 156213
40591 156255
40605 156305
40618 156350
40632 156402
40647 156456
40657 156493
40669 156536
40682 156585
40696 156637
40705 156670
40715 156706
40726 156745
40737 156786
40747 156823
40758 156863
40770 156907
40785 156962
40798 157009
40811 157057
40823 157100
40836 157148
40848 157194
40861 157244
40875 157296
40888 157344
40901 157393
40911 157429
40921 157468
40932 157511
40944 157556
40955 157597
40964 157631
40974 157668
40983 157701
40993 157737
41002 157771
41013 157813
41025 157858
41035 157895
41041 157918
41049 157949
41061 157997
41070 158031
41077 158057
41083 158079
41090 158104
41097 158132
41105 158163
41114 158197
41122 158228
41133 158273
41145 158321
41157 158368
41170 158418
41181 158463
41193 158511
41204 158557
41216 158606
41228 158654
41241 158705
41252 158751
41264 158800
41273 158838
41283 158879
41288 158902
41294 158928
41300 158956
41307 158987
41316 159024
41326 159064
41337 159107
41347 159147
41355 159181
41364 159218
41370 159244
41382 159295
41395 159349
41404 159388
41414 159430
41421 159460
41431 159501
41439 159534
41447 159568
41456 159606
41464 159640
41471 159669
41480 159704
41491 159747
41501 159785
41512 159830
41524 159877
41531 159907
41540 159943
41550 159985
41561 160030
41570 160073
41580 160119
41590 160161
41601 160206
41611 160251
41622 160299
41633 160343
41645 160390
41651 160416
41658 160445
41666 160477
41674 160511
41681 160541
41689 160574
41698 160611
41710 160659
41720 160699
41730 160740
41739 160776
41749 160817
41758 160856
41768 160899
41779 160944
41789 160985
41799 161027
41806 161056
41813 161088
41821 161124
41830 161162
41838 161196
41845 161227
41852 161263
41860 161302
41868 161337
41878 161379
41889 161425
41903 161482
41915 161531
41927 161581
41940 161635
41952 161685
41963 161730
41976 161781
41991 161840
42005 161894
42020 161955
42036 162018
42047 162064
42060 162116
42070 162158
42081 162203
42093 162251
42104 162298
42117 162353
42131 162411
42143 162461
42155 162511
42166 162557
42178 162606
42191 162659
42207 162723
42221 162779
42235 162836
42248 162888
42262 162945
42275 163000
42289 163059
42304 163120
42318 163177
42332 163235
42343 163280
42354 163328
42366 163380
42379 163434
42391 163484
42400 163522
42408 163560
42417 163601
42426 163640
42436 163682
42445 163721
42455 163763
42462 163790
42470 163820
42484 163874
42499 163931
42507 163964
42516 164000
42523 164029
42531 164061
42542 164108
42554 164158
42563 164192
42573 164229
42578 164249
42584 164272
42590 164298
42597 164327
42604 164358
42612 164392
42624 164443
42633 164480
42643 164523
42654 164569
42662 164603
42669 164637
42677 164674
42686 164714
42694 164751
42700 164776
42707 164805
42717 164845
42725 164877
42733 164910
42742 164947
42750 164980
42759 165016
42769 165055
42778 165091
42785 165119
42794 165153
42805 165195
42815 165232
42826 165276
42838 165322
42845 165351
42854 165386
42860 165411
42869 165446
42879 165484
42887 165517
42896 165553
42906 165592
42915 165628
42922 165657
42930 165689
42939 165725
